500 149
600 164
700 188
800 202
900 219
1000 432
1100 354
1200 380
1300 399
1400 423
1500 443
1600 379
1700 404
1800 418
1900 439
2000 609
2100 537
2200 550
2300 573
2400 510
2500 521
2600 540
2700 552
2800 507
2900 516
3000 532
3100 526
3200 495
3300 510
3400 495
3500 490
3600 500
3700 492
3800 483
3900 563
4000 618
4100 620
4200 638
4300 598
4400 606
4500 616
4600 626
4700 616
4800 621
4900 622
5000 639
5100 643
5200 649
5300 651
5400 661
5500 664
5600 685
5700 686
5800 695
5900 705
6000 721
6100 730
6200 733
6300 747
6400 748
6500 757
6600 763
6700 777
6800 788
6900 791
7000 796
7100 828
7200 816
7300 830
7400 858
7500 887
7600 864
7700 888
7800 1006
7900 1123
8000 1167
8100 1138
8200 1186
8300 1170
8400 1201
8500 1192
8600 1225
8700 1220
8800 1224
8900 1253
9000 1269
9100 1254
9200 1258
9300 1263
9400 1266
9500 1274
9600 1275
9700 1284
9800 1294
9900 1301
10000 1307
