500 37
600 43
700 50
800 53
900 81
1000 89
1100 94
1200 100
1300 108
1400 113
1500 122
1600 129
1700 175
1800 181
1900 192
2000 201
2100 211
2200 224
2300 234
2400 229
2500 250
2600 243
2700 262
2800 280
2900 268
3000 268
3100 291
3200 287
3300 378
3400 390
3500 391
3600 404
3700 412
3800 420
3900 410
4000 417
4100 440
4200 447
4300 462
4400 459
4500 476
4600 472
4700 484
4800 483
4900 481
5000 486
5100 506
5200 522
5300 540
5400 574
5500 557
5600 544
5700 599
5800 587
5900 581
6000 598
6100 610
6200 603
6300 607
6400 610
6500 717
6600 754
6700 769
6800 777
6900 781
7000 788
7100 801
7200 805
7300 821
7400 825
7500 834
7600 838
7700 847
7800 856
7900 879
8000 893
8100 892
8200 909
8300 915
8400 925
8500 936
8600 941
8700 951
8800 967
8900 968
9000 1021
9100 1029
9200 1049
9300 1012
9400 1024
9500 1042
9600 1032
9700 1047
9800 1087
9900 1059
10000 1093
