500 239
600 229
700 269
800 387
900 323
1000 424
1100 445
1200 467
1300 405
1400 417
1500 432
1600 448
1700 466
1800 411
1900 429
2000 563
2100 580
2200 516
2300 529
2400 546
2500 545
2600 507
2700 518
2800 532
2900 491
3000 497
3100 507
3200 473
3300 486
3400 494
3500 465
3600 472
3700 480
3800 464
3900 534
4000 614
4100 617
4200 584
4300 593
4400 604
4500 611
4600 599
4700 603
4800 610
4900 616
5000 624
5100 622
5200 629
5300 637
5400 644
5500 650
5600 662
5700 668
5800 676
5900 685
6000 693
6100 701
6200 712
6300 719
6400 725
6500 735
6600 742
6700 750
6800 759
6900 775
7000 776
7100 800
7200 791
7300 816
7400 855
7500 821
7600 873
7700 868
7800 968
7900 1090
8000 1127
8100 1136
8200 1152
8300 1172
8400 1158
8500 1188
8600 1177
8700 1206
8800 1219
8900 1223
9000 1212
9100 1249
9200 1216
9300 1234
9400 1228
9500 1238
9600 1251
9700 1271
9800 1268
9900 1281
10000 1288
