500 163
600 203
700 227
800 228
900 270
1000 283
1100 304
1200 331
1300 339
1400 307
1500 321
1600 335
1700 417
1800 426
1900 393
2000 433
2100 426
2200 436
2300 406
2400 425
2500 434
2600 448
2700 477
2800 407
2900 419
3000 425
3100 399
3200 400
3300 499
3400 474
3500 480
3600 503
3700 466
3800 475
3900 486
4000 493
4100 466
4200 482
4300 485
4400 496
4500 503
4600 497
4700 502
4800 501
4900 521
5000 515
5100 529
5200 532
5300 532
5400 544
5500 556
5600 555
5700 569
5800 572
5900 571
6000 597
6100 590
6200 599
6300 617
6400 631
6500 739
6600 773
6700 792
6800 808
6900 809
7000 816
7100 847
7200 809
7300 821
7400 850
7500 862
7600 845
7700 866
7800 880
7900 893
8000 912
8100 928
8200 938
8300 934
8400 973
8500 977
8600 1014
8700 1008
8800 1002
8900 1024
9000 1015
9100 1018
9200 1049
9300 1064
9400 1052
9500 1057
9600 1070
9700 1097
9800 1079
9900 1090
10000 1088
