500 188
600 223
700 258
800 276
900 253
1000 309
1100 329
1200 350
1300 374
1400 342
1500 351
1600 366
1700 389
1800 408
1900 424
2000 473
2100 490
2200 502
2300 520
2400 476
2500 492
2600 501
2700 485
2800 472
2900 484
3000 494
3100 470
3200 470
3300 490
3400 470
3500 473
3600 469
3700 463
3800 473
3900 536
4000 609
4100 571
4200 587
4300 603
4400 606
4500 601
4600 606
4700 602
4800 624
4900 618
5000 626
5100 642
5200 648
5300 663
5400 652
5500 682
5600 670
5700 683
5800 689
5900 692
6000 703
6100 710
6200 727
6300 739
6400 752
6500 759
6600 770
6700 780
6800 786
6900 794
7000 817
7100 818
7200 833
7300 812
7400 821
7500 905
7600 918
7700 888
7800 1016
7900 1089
8000 1133
8100 1167
8200 1148
8300 1164
8400 1180
8500 1212
8600 1240
8700 1221
8800 1226
8900 1236
9000 1273
9100 1280
9200 1264
9300 1261
9400 1270
9500 1284
9600 1296
9700 1308
9800 1298
9900 1320
10000 1317
