500 179
600 230
700 335
800 391
900 310
1000 333
1100 362
1200 389
1300 422
1400 362
1500 384
1600 407
1700 458
1800 483
1900 468
2000 448
2100 473
2200 487
2300 475
2400 457
2500 478
2600 493
2700 457
2800 459
2900 478
3000 481
3100 453
3200 458
3300 537
3400 506
3500 515
3600 527
3700 498
3800 508
3900 516
4000 490
4100 499
4200 513
4300 526
4400 497
4500 508
4600 517
4700 524
4800 517
4900 528
5000 537
5100 538
5200 549
5300 558
5400 555
5500 563
5600 572
5700 585
5800 597
5900 604
6000 611
6100 622
6200 631
6300 634
6400 648
6500 741
6600 773
6700 788
6800 799
6900 804
7000 812
7100 820
7200 828
7300 838
7400 847
7500 856
7600 866
7700 896
7800 889
7900 899
8000 903
8100 924
8200 935
8300 954
8400 952
8500 990
8600 968
8700 985
8800 1005
8900 1005
9000 1001
9100 1008
9200 1030
9300 1037
9400 1042
9500 1066
9600 1090
9700 1060
9800 1074
9900 1082
10000 1099
